Weight Matrix:
[[-1, -1, 1, -1], [1, 1, -1, 1], [1, 1, -1, 1], [1, 1, -1, 1], [-1, -1, 1, -1]]
Weight Matrix:
[[-2, 0, 2, 0], [0, 2, 0, 2], [0, 2, 0, 2], [0, 2, 0, 2], [0, -2, 0, -2]]
Weight Matrix:
[[-1, 1, 1, -1], [1, 3, -1, 1], [1, 3, -1, 1], [-1, 1, 1, 3], [-1, -3, 1, -1]]
Weight Matrix:
[[-2, 2, 2, -2], [0, 4, 0, 0], [0, 4, 0, 0], [-2, 2, 2, 2], [-2, -2, 2, -2]]

Recall B from A:
[-1, 1, 1, 1, -1] --> [1, 1, -1, 1]
[-1, -1, -1, -1, 1] --> [1, -1, -1, -1]
[-1, -1, -1, 1, 1] --> [-1, -1, 1, 1]
[1, 1, 1, 1, 1] --> [-1, 1, 1, -1]

Recall A from B:
[1, 1, -1, 1] --> [-1, 1, 1, 1, -1]
[1, -1, -1, -1] --> [-1, -1, -1, -1, 1]
[-1, -1, 1, 1] --> [1, -1, -1, 1, 1]
[-1, 1, 1, -1] --> [1, 1, 1, 1, 1]

Cross Talk for A vectors:
A1: [-3, 5, 3, 1]
A2: [-3, -9, 3, 3]
A3: [3, -5, -3, -3]
A4: [-1, 5, 1, 3]

Global Crosstalk = 54


Weight Matrix:
[[-1, -1, 1, -1], [1, 1, -1, 1], [1, 1, -1, 1], [1, 1, -1, 1], [-1, -1, 1, -1]]
Weight Matrix:
[[-2, 0, 2, 0], [0, 2, 0, 2], [0, 2, 0, 2], [0, 2, 0, 2], [0, -2, 0, -2]]
Weight Matrix:
[[-1, 1, 1, -1], [1, 3, -1, 1], [1, 3, -1, 1], [-1, 1, 1, 3], [-1, -3, 1, -1]]
Weight Matrix:
[[-2, 2, 2, -2], [0, 4, 0, 0], [0, 4, 0, 0], [-2, 2, 2, 2], [-2, -2, 2, -2]]
Weight Matrix:
[[-3, 3, 1, -1], [1, 3, 1, -1], [1, 3, 1, -1], [-1, 1, 3, 1], [-1, -3, 3, -3]]

Recall B from A:
[-1, 1, 1, 1, -1] --> [1, 1, 1, 1]
[-1, -1, -1, -1, 1] --> [1, -1, -1, -1]
[-1, -1, -1, 1, 1] --> [-1, -1, 1, 1]
[1, 1, 1, 1, 1] --> [-1, 1, 1, -1]
[1, -1, -1, -1, -1] --> [-1, -1, -1, 1]

Recall A from B:
[1, 1, -1, 1] --> [-1, 1, 1, -1, -1]
[1, -1, -1, -1] --> [-1, -1, -1, -1, 1]
[-1, -1, 1, 1] --> [1, -1, -1, 1, 1]
[-1, 1, 1, -1] --> [1, 1, 1, 1, 1]
[-1, 1, -1, 1] --> [1, 1, 1, 1, -1]

Cross Talk for A vectors:
A1: [0, 2, 6, -2]
A2: [-4, -8, 2, 4]
A3: [4, -6, -2, -4]
A4: [2, 2, 4, 0]
A5: [2, -6, -2, -2]

Global Crosstalk = 64


Weight Matrix:
[[-1, -1, 1, -1], [1, 1, -1, 1], [1, 1, -1, 1], [1, 1, -1, 1], [-1, -1, 1, -1]]
Weight Matrix:
[[-2, 0, 2, 0], [0, 2, 0, 2], [0, 2, 0, 2], [0, 2, 0, 2], [0, -2, 0, -2]]
Weight Matrix:
[[-1, 1, 1, -1], [1, 3, -1, 1], [1, 3, -1, 1], [-1, 1, 1, 3], [-1, -3, 1, -1]]
Weight Matrix:
[[-2, 2, 2, -2], [0, 4, 0, 0], [0, 4, 0, 0], [-2, 2, 2, 2], [-2, -2, 2, -2]]
Weight Matrix:
[[-3, 3, 1, -1], [1, 3, 1, -1], [1, 3, 1, -1], [-1, 1, 3, 1], [-1, -3, 3, -3]]
Weight Matrix:
[[-4, 2, 0, -2], [0, 2, 0, -2], [0, 2, 0, -2], [-2, 0, 2, 0], [-2, -4, 2, -4]]

Recall B from A:
[-1, 1, 1, 1, -1] --> [1, 1, 1, 1]
[-1, -1, -1, -1, 1] --> [1, -1, 1, 1]
[-1, -1, -1, 1, 1] --> [1, -1, 1, 1]
[1, 1, 1, 1, 1] --> [-1, 1, 1, -1]
[1, -1, -1, -1, -1] --> [1, 1, -1, 1]
[-1, -1, -1, -1, -1] --> [1, -1, -1, 1]

Recall A from B:
[1, 1, -1, 1] --> [-1, 1, 1, -1, -1]
[1, -1, -1, -1] --> [-1, 1, 1, -1, 1]
[-1, -1, 1, 1] --> [1, -1, -1, 1, 1]
[-1, 1, 1, -1] --> [1, 1, 1, 1, 1]
[-1, 1, -1, 1] --> [1, 1, 1, 1, -1]
[1, 1, 1, 1] --> [-1, 1, 1, 1, -1]

Cross Talk for A vectors:
A1: [-1, 1, 5, -3]
A2: [-1, -5, 5, 7]
A3: [5, -5, -1, -3]
A4: [-3, -3, -1, -5]
A5: [5, -3, 1, 1]
A6: [3, -7, -9, 5]

Global Crosstalk = 88


Weight Matrix:
[[-1, -1, 1, -1], [1, 1, -1, 1], [1, 1, -1, 1], [1, 1, -1, 1], [-1, -1, 1, -1]]
Weight Matrix:
[[-2, 0, 2, 0], [0, 2, 0, 2], [0, 2, 0, 2], [0, 2, 0, 2], [0, -2, 0, -2]]
Weight Matrix:
[[-1, 1, 1, -1], [1, 3, -1, 1], [1, 3, -1, 1], [-1, 1, 1, 3], [-1, -3, 1, -1]]
Weight Matrix:
[[-2, 2, 2, -2], [0, 4, 0, 0], [0, 4, 0, 0], [-2, 2, 2, 2], [-2, -2, 2, -2]]
Weight Matrix:
[[-3, 3, 1, -1], [1, 3, 1, -1], [1, 3, 1, -1], [-1, 1, 3, 1], [-1, -3, 3, -3]]
Weight Matrix:
[[-4, 2, 0, -2], [0, 2, 0, -2], [0, 2, 0, -2], [-2, 0, 2, 0], [-2, -4, 2, -4]]
Weight Matrix:
[[-5, 1, -1, -1], [-1, 1, -1, -1], [1, 3, 1, -3], [-3, -1, 1, 1], [-1, -3, 3, -5]]

Recall B from A:
[-1, 1, 1, 1, -1] --> [1, 1, -1, 1]
[-1, -1, -1, -1, 1] --> [1, -1, 1, -1]
[-1, -1, -1, 1, 1] --> [1, -1, 1, 1]
[1, 1, 1, 1, 1] --> [-1, 1, 1, -1]
[1, -1, -1, -1, -1] --> [-1, 1, -1, 1]
[-1, -1, -1, -1, -1] --> [1, -1, -1, 1]
[1, 1, -1, 1, -1] --> [-1, 1, -1, 1]

Recall A from B:
[1, 1, -1, 1] --> [-1, 1, 1, -1, -1]
[1, -1, -1, -1] --> [-1, 1, 1, -1, 1]
[-1, -1, 1, 1] --> [1, -1, -1, 1, 1]
[-1, 1, 1, -1] --> [1, 1, 1, 1, 1]
[-1, 1, -1, 1] --> [1, 1, -1, 1, -1]
[1, 1, 1, 1] --> [-1, -1, 1, -1, -1]
[-1, -1, -1, 1] --> [1, 1, -1, 1, -1]

Cross Talk for A vectors:
A1: [-2, 0, 4, -2]
A2: [2, -2, 8, 4]
A3: [6, -4, 0, -4]
A4: [-4, -4, -2, -4]
A5: [4, -4, 0, 2]
A6: [4, -6, -8, 4]
A7: [-4, 6, 0, 2]

Global Crosstalk = 96