Weight Matrix:
[[-1, -1, 1, -1], [1, 1, -1, 1], [1, 1, -1, 1], [1, 1, -1, 1], [-1, -1, 1, -1]]
Weight Matrix:
[[-2, 0, 2, 0], [0, 2, 0, 2], [0, 2, 0, 2], [0, 2, 0, 2], [0, -2, 0, -2]]
Weight Matrix:
[[-1, 1, 1, -1], [1, 3, -1, 1], [1, 3, -1, 1], [-1, 1, 1, 3], [-1, -3, 1, -1]]

Recall B from A:
[-1, 1, 1, 1, -1] --> [1, 1, -1, 1]
[-1, -1, -1, -1, 1] --> [-1, -1, 1, -1]
[-1, -1, -1, 1, 1] --> [-1, -1, 1, 1]

Recall A from B:
[1, 1, -1, 1] --> [-1, 1, 1, 1, -1]
[1, -1, -1, -1] --> [-1, -1, -1, -1, 1]
[-1, -1, 1, 1] --> [1, -1, -1, 1, 1]

Cross Talk for A vectors:
A1: [-2, 4, 2, 2]
A2: [-6, -6, 6, 0]
A3: [2, -4, -2, -4]

Global Crosstalk = 40
