Weight Matrix:
[[-1, -1, 1, -1], [1, 1, -1, 1], [1, 1, -1, 1], [1, 1, -1, 1], [-1, -1, 1, -1]]
Weight Matrix:
[[-2, 0, 2, 0], [0, 2, 0, 2], [0, 2, 0, 2], [0, 2, 0, 2], [0, -2, 0, -2]]
Weight Matrix:
[[-1, 1, 1, -1], [1, 3, -1, 1], [1, 3, -1, 1], [-1, 1, 1, 3], [-1, -3, 1, -1]]

Recall B from A:
[-1, 1, 1, 1, -1] --> [1, 1, -1, 1]
[-1, -1, -1, -1, 1] --> [-1, -1, 1, -1]
[-1, -1, -1, 1, 1] --> [-1, -1, 1, 1]

Recall A from B:
[1, 1, -1, 1] --> [-1, 1, 1, 1, -1]
[1, -1, -1, -1] --> [-1, -1, -1, -1, 1]
[-1, -1, 1, 1] --> [1, -1, -1, 1, 1]

Process finished with exit code 0